{
"ref":[[[0.19,0.454,0.092,0.263],[0.009,0.017,0.001,0.971],[0,0.999,0,0],[0.389,0.084,0.013,0.512],[0.38,0.132,0.238,0.248]],[[0.227,0.218,0.259,0.294],[0.383,0.223,0.25,0.143],[0,0.816,0,0.183],[0.2,0.031,0.629,0.139],[0.193,0.259,0.301,0.246]],[[0.167,0.382,0.08,0.369],[0.008,0.032,0.011,0.947],[0,0.999,0,0],[0.539,0.121,0.065,0.273],[0.19,0.212,0.322,0.274]],[[0.399,0.126,0.141,0.332],[0.322,0.189,0.128,0.358],[0,0.669,0,0.33],[0.34,0.25,0.037,0.371],[0.376,0.141,0.086,0.395]]],
"alt":[[[0,0,0,0],[0,0,0.999,0],[0,0,0,0],[0,0,0,0]],[[0,0,0,0],[0,0,0.006,0.809],[0,0,0,0],[0,0.183,0,0]],[[0,0,0,0],[0.1,0,0,0.899],[0,0,0,0],[0,0,0,0]],[[0,0,0,0],[0.299,0,0.175,0.194],[0,0,0,0],[0.153,0.144,0.032,0]]],
"strand":[[0.509,0.49],[0.5,0.499],[0.514,0.485],[0.444,0.555]]
}
